0.9027 0.6826568265682657 0.986905916585839 0.8070592901050962 0.11917359536407156
0.9319 0.7515995483628152 0.9895936570862239 0.854331550802139 0.08268604359809571
0.936 0.7694055282090118 0.984973339796413 0.8639455782312925 0.0767292427869472
0.9381 0.7727272727272727 0.9857493857493858 0.8663355646728569 0.07407407407407407
0.9346 0.7601057801284473 0.9906450024618415 0.8601966652415562 0.07968377462667837
0.9364 0.7729992520568437 0.9861641221374046 0.8666666666666667 0.07679655870445344
0.9418 0.7825235109717869 0.9866600790513834 0.8728146853146853 0.06958375125376129
0.9368 0.7737961926091825 0.987613149118628 0.8677270824612808 0.07669915200607517
0.9447 0.796037296037296 0.9865190178141551 0.8811008385293485 0.06626277925028398
0.9401 0.775175644028103 0.9885515181682429 0.8689564646685627 0.07208109122763108
