tr_s=>tr_e=>te_s
  0: 0.7556, 0.274522, 0.980769, 0.428972, 0.267652
tr_s=>tr_e=>te_s
  1: 0.7654, 0.281529, 0.982777, 0.43768, 0.256863
tr_s=>tr_e=>te_s
  2: 0.8693, 0.410151, 0.9814, 0.578523, 0.141977
tr_s=>tr_e=>te_s
  3: 0.8484, 0.374271, 0.985746, 0.542547, 0.165383
tr_s=>tr_e=>te_s
  4: 0.854, 0.380094, 0.983352, 0.548267, 0.158809
tr_s=>tr_e=>te_s
  5: 0.8751, 0.428505, 0.976645, 0.595662, 0.13546
tr_s=>tr_e=>te_s
  6: 0.8788, 0.438055, 0.98944, 0.607259, 0.132774
tr_s=>tr_e=>te_s
  7: 0.8693, 0.416441, 0.983991, 0.585211, 0.142558
tr_s=>tr_e=>te_s
  8: 0.8875, 0.45803, 0.991597, 0.626618, 0.123453
tr_s=>tr_e=>te_s
  9: 0.8776, 0.44089, 0.981424, 0.608445, 0.13354
